# Combined reference base for market_research_v6_catalyst_supported_carry_persistence_refresh
# This is the union of v1, v2_seed, v2_refresh, v3_seed, v4_refresh, and v5_refresh symbols.

000001
000002
000063
000099
000155
000333
000625
000651
000725
000858
000977
002049
002050
002130
002176
002230
002241
002273
002371
002415
002460
002466
002475
002594
002600
002902
300014
300124
300274
300308
300390
300502
300518
300750
300759
300760
300765
600030
600031
600036
600048
600050
600111
600150
600276
600309
600338
600426
600438
600519
600570
600584
600690
600703
600760
600809
600887
601012
601088
601127
601138
601166
601225
601318
601398
601688
601888
601899
601919
601989
603019
603087
603259
603369
603799
603986
603993
