# Combined reference base for market_research_v3_factor_diversity_seed
# This is the union of market_research_v1, market_research_v2_seed,
# and market_research_v2_refresh.

000001
000002
000063
000155
000333
000651
000858
000977
002050
002130
002176
002230
002371
002415
002460
002466
002475
002594
002902
300124
300274
300308
300390
300502
300518
300750
300759
300760
300765
600030
600031
600036
600048
600111
600276
600309
600338
600426
600519
600690
600809
600887
601012
601088
601138
601166
601225
601318
601398
601688
601899
603019
603087
603259
603369
603799
603986
